test_value,floor_sqrt,remainder,dut_root,dut_remainder,result
0,0,0,0,0,PASS
1,1,0,1,0,PASS
2,1,1,1,1,PASS
3,1,2,1,2,PASS
4,2,0,2,0,PASS
5,2,1,2,1,PASS
6,2,2,2,2,PASS
7,2,3,2,3,PASS
8,2,4,2,4,PASS
9,3,0,3,0,PASS
10,3,1,3,1,PASS
11,3,2,3,2,PASS
12,3,3,3,3,PASS
13,3,4,3,4,PASS
14,3,5,3,5,PASS
15,3,6,3,6,PASS
16,4,0,4,0,PASS
17,4,1,4,1,PASS
18,4,2,4,2,PASS
19,4,3,4,3,PASS
20,4,4,4,4,PASS
21,4,5,4,5,PASS
22,4,6,4,6,PASS
23,4,7,4,7,PASS
24,4,8,4,8,PASS
25,5,0,5,0,PASS
26,5,1,5,1,PASS
27,5,2,5,2,PASS
28,5,3,5,3,PASS
29,5,4,5,4,PASS
30,5,5,5,5,PASS
31,5,6,5,6,PASS
32,5,7,5,7,PASS
33,5,8,5,8,PASS
34,5,9,5,9,PASS
35,5,10,5,10,PASS
36,6,0,6,0,PASS
37,6,1,6,1,PASS
38,6,2,6,2,PASS
39,6,3,6,3,PASS
40,6,4,6,4,PASS
41,6,5,6,5,PASS
42,6,6,6,6,PASS
43,6,7,6,7,PASS
44,6,8,6,8,PASS
45,6,9,6,9,PASS
46,6,10,6,10,PASS
47,6,11,6,11,PASS
48,6,12,6,12,PASS
49,7,0,7,0,PASS
50,7,1,7,1,PASS
51,7,2,7,2,PASS
52,7,3,7,3,PASS
53,7,4,7,4,PASS
54,7,5,7,5,PASS
55,7,6,7,6,PASS
56,7,7,7,7,PASS
57,7,8,7,8,PASS
58,7,9,7,9,PASS
59,7,10,7,10,PASS
60,7,11,7,11,PASS
61,7,12,7,12,PASS
62,7,13,7,13,PASS
63,7,14,7,14,PASS
64,8,0,8,0,PASS
65,8,1,8,1,PASS
66,8,2,8,2,PASS
67,8,3,8,3,PASS
68,8,4,8,4,PASS
69,8,5,8,5,PASS
70,8,6,8,6,PASS
71,8,7,8,7,PASS
72,8,8,8,8,PASS
73,8,9,8,9,PASS
74,8,10,8,10,PASS
75,8,11,8,11,PASS
76,8,12,8,12,PASS
77,8,13,8,13,PASS
78,8,14,8,14,PASS
79,8,15,8,15,PASS
80,8,16,8,16,PASS
81,9,0,9,0,PASS
82,9,1,9,1,PASS
83,9,2,9,2,PASS
84,9,3,9,3,PASS
85,9,4,9,4,PASS
86,9,5,9,5,PASS
87,9,6,9,6,PASS
88,9,7,9,7,PASS
89,9,8,9,8,PASS
90,9,9,9,9,PASS
91,9,10,9,10,PASS
92,9,11,9,11,PASS
93,9,12,9,12,PASS
94,9,13,9,13,PASS
95,9,14,9,14,PASS
96,9,15,9,15,PASS
97,9,16,9,16,PASS
98,9,17,9,17,PASS
99,9,18,9,18,PASS
100,10,0,10,0,PASS
101,10,1,10,1,PASS
102,10,2,10,2,PASS
103,10,3,10,3,PASS
104,10,4,10,4,PASS
105,10,5,10,5,PASS
106,10,6,10,6,PASS
107,10,7,10,7,PASS
108,10,8,10,8,PASS
109,10,9,10,9,PASS
110,10,10,10,10,PASS
111,10,11,10,11,PASS
112,10,12,10,12,PASS
113,10,13,10,13,PASS
114,10,14,10,14,PASS
115,10,15,10,15,PASS
116,10,16,10,16,PASS
117,10,17,10,17,PASS
118,10,18,10,18,PASS
119,10,19,10,19,PASS
120,10,20,10,20,PASS
121,11,0,11,0,PASS
122,11,1,11,1,PASS
123,11,2,11,2,PASS
124,11,3,11,3,PASS
125,11,4,11,4,PASS
126,11,5,11,5,PASS
127,11,6,11,6,PASS
128,11,7,11,7,PASS
129,11,8,11,8,PASS
130,11,9,11,9,PASS
131,11,10,11,10,PASS
132,11,11,11,11,PASS
133,11,12,11,12,PASS
134,11,13,11,13,PASS
135,11,14,11,14,PASS
136,11,15,11,15,PASS
137,11,16,11,16,PASS
138,11,17,11,17,PASS
139,11,18,11,18,PASS
140,11,19,11,19,PASS
141,11,20,11,20,PASS
142,11,21,11,21,PASS
143,11,22,11,22,PASS
144,12,0,12,0,PASS
145,12,1,12,1,PASS
146,12,2,12,2,PASS
147,12,3,12,3,PASS
148,12,4,12,4,PASS
149,12,5,12,5,PASS
150,12,6,12,6,PASS
151,12,7,12,7,PASS
152,12,8,12,8,PASS
153,12,9,12,9,PASS
154,12,10,12,10,PASS
155,12,11,12,11,PASS
156,12,12,12,12,PASS
157,12,13,12,13,PASS
158,12,14,12,14,PASS
159,12,15,12,15,PASS
160,12,16,12,16,PASS
161,12,17,12,17,PASS
162,12,18,12,18,PASS
163,12,19,12,19,PASS
164,12,20,12,20,PASS
165,12,21,12,21,PASS
166,12,22,12,22,PASS
167,12,23,12,23,PASS
168,12,24,12,24,PASS
169,13,0,13,0,PASS
170,13,1,13,1,PASS
171,13,2,13,2,PASS
172,13,3,13,3,PASS
173,13,4,13,4,PASS
174,13,5,13,5,PASS
175,13,6,13,6,PASS
176,13,7,13,7,PASS
177,13,8,13,8,PASS
178,13,9,13,9,PASS
179,13,10,13,10,PASS
180,13,11,13,11,PASS
181,13,12,13,12,PASS
182,13,13,13,13,PASS
183,13,14,13,14,PASS
184,13,15,13,15,PASS
185,13,16,13,16,PASS
186,13,17,13,17,PASS
187,13,18,13,18,PASS
188,13,19,13,19,PASS
189,13,20,13,20,PASS
190,13,21,13,21,PASS
191,13,22,13,22,PASS
192,13,23,13,23,PASS
193,13,24,13,24,PASS
194,13,25,13,25,PASS
195,13,26,13,26,PASS
196,14,0,14,0,PASS
197,14,1,14,1,PASS
198,14,2,14,2,PASS
199,14,3,14,3,PASS
200,14,4,14,4,PASS
201,14,5,14,5,PASS
202,14,6,14,6,PASS
203,14,7,14,7,PASS
204,14,8,14,8,PASS
205,14,9,14,9,PASS
206,14,10,14,10,PASS
207,14,11,14,11,PASS
208,14,12,14,12,PASS
209,14,13,14,13,PASS
210,14,14,14,14,PASS
211,14,15,14,15,PASS
212,14,16,14,16,PASS
213,14,17,14,17,PASS
214,14,18,14,18,PASS
215,14,19,14,19,PASS
216,14,20,14,20,PASS
217,14,21,14,21,PASS
218,14,22,14,22,PASS
219,14,23,14,23,PASS
220,14,24,14,24,PASS
221,14,25,14,25,PASS
222,14,26,14,26,PASS
223,14,27,14,27,PASS
224,14,28,14,28,PASS
225,15,0,15,0,PASS
226,15,1,15,1,PASS
227,15,2,15,2,PASS
228,15,3,15,3,PASS
229,15,4,15,4,PASS
230,15,5,15,5,PASS
231,15,6,15,6,PASS
232,15,7,15,7,PASS
233,15,8,15,8,PASS
234,15,9,15,9,PASS
235,15,10,15,10,PASS
236,15,11,15,11,PASS
237,15,12,15,12,PASS
238,15,13,15,13,PASS
239,15,14,15,14,PASS
240,15,15,15,15,PASS
241,15,16,15,16,PASS
242,15,17,15,17,PASS
243,15,18,15,18,PASS
244,15,19,15,19,PASS
245,15,20,15,20,PASS
246,15,21,15,21,PASS
247,15,22,15,22,PASS
248,15,23,15,23,PASS
249,15,24,15,24,PASS
250,15,25,15,25,PASS
251,15,26,15,26,PASS
252,15,27,15,27,PASS
253,15,28,15,28,PASS
254,15,29,15,29,PASS
255,15,30,15,30,PASS
256,16,0,16,0,PASS
257,16,1,16,1,PASS
258,16,2,16,2,PASS
287,16,31,16,31,PASS
288,16,32,16,32,PASS
289,17,0,17,0,PASS
290,17,1,17,1,PASS
291,17,2,17,2,PASS
510,22,26,22,26,PASS
511,22,27,22,27,PASS
512,22,28,22,28,PASS
513,22,29,22,29,PASS
514,22,30,22,30,PASS
959,30,59,30,59,PASS
960,30,60,30,60,PASS
961,31,0,31,0,PASS
962,31,1,31,1,PASS
963,31,2,31,2,PASS
1022,31,61,31,61,PASS
1023,31,62,31,62,PASS
1024,32,0,32,0,PASS
1025,32,1,32,1,PASS
1026,32,2,32,2,PASS
1087,32,63,32,63,PASS
1088,32,64,32,64,PASS
1089,33,0,33,0,PASS
1090,33,1,33,1,PASS
1091,33,2,33,2,PASS
2046,45,21,45,21,PASS
2047,45,22,45,22,PASS
2048,45,23,45,23,PASS
2049,45,24,45,24,PASS
2050,45,25,45,25,PASS
3967,62,123,62,123,PASS
3968,62,124,62,124,PASS
3969,63,0,63,0,PASS
3970,63,1,63,1,PASS
3971,63,2,63,2,PASS
4094,63,125,63,125,PASS
4095,63,126,63,126,PASS
4096,64,0,64,0,PASS
4097,64,1,64,1,PASS
4098,64,2,64,2,PASS
4223,64,127,64,127,PASS
4224,64,128,64,128,PASS
4225,65,0,65,0,PASS
4226,65,1,65,1,PASS
4227,65,2,65,2,PASS
8190,90,90,90,90,PASS
8191,90,91,90,91,PASS
8192,90,92,90,92,PASS
8193,90,93,90,93,PASS
8194,90,94,90,94,PASS
16127,126,251,126,251,PASS
16128,126,252,126,252,PASS
16129,127,0,127,0,PASS
16130,127,1,127,1,PASS
16131,127,2,127,2,PASS
16382,127,253,127,253,PASS
16383,127,254,127,254,PASS
16384,128,0,128,0,PASS
16385,128,1,128,1,PASS
16386,128,2,128,2,PASS
16639,128,255,128,255,PASS
16640,128,256,128,256,PASS
16641,129,0,129,0,PASS
16642,129,1,129,1,PASS
16643,129,2,129,2,PASS
32766,181,5,181,5,PASS
32767,181,6,181,6,PASS
32768,181,7,181,7,PASS
32769,181,8,181,8,PASS
32770,181,9,181,9,PASS
65023,254,507,254,507,PASS
65024,254,508,254,508,PASS
65025,255,0,255,0,PASS
65026,255,1,255,1,PASS
65027,255,2,255,2,PASS
65534,255,509,255,509,PASS
65535,255,510,255,510,PASS
65536,256,0,256,0,PASS
65537,256,1,256,1,PASS
65538,256,2,256,2,PASS
66047,256,511,256,511,PASS
66048,256,512,256,512,PASS
66049,257,0,257,0,PASS
66050,257,1,257,1,PASS
66051,257,2,257,2,PASS
131070,362,26,362,26,PASS
131071,362,27,362,27,PASS
131072,362,28,362,28,PASS
131073,362,29,362,29,PASS
131074,362,30,362,30,PASS
261119,510,1019,510,1019,PASS
261120,510,1020,510,1020,PASS
261121,511,0,511,0,PASS
261122,511,1,511,1,PASS
261123,511,2,511,2,PASS
262142,511,1021,511,1021,PASS
262143,511,1022,511,1022,PASS
262144,512,0,512,0,PASS
262145,512,1,512,1,PASS
262146,512,2,512,2,PASS
263167,512,1023,512,1023,PASS
263168,512,1024,512,1024,PASS
263169,513,0,513,0,PASS
263170,513,1,513,1,PASS
263171,513,2,513,2,PASS
307245,554,329,554,329,PASS
473692,688,348,688,348,PASS
524286,724,110,724,110,PASS
524287,724,111,724,111,PASS
524288,724,112,724,112,PASS
524289,724,113,724,113,PASS
524290,724,114,724,114,PASS
704970,839,1049,839,1049,PASS
1046527,1022,2043,1022,2043,PASS
1046528,1022,2044,1022,2044,PASS
1046529,1023,0,1023,0,PASS
1046530,1023,1,1023,1,PASS
1046531,1023,2,1023,2,PASS
1048574,1023,2045,1023,2045,PASS
1048575,1023,2046,1023,2046,PASS
1048576,1024,0,1024,0,PASS
1048577,1024,1,1024,1,PASS
1048578,1024,2,1024,2,PASS
1050623,1024,2047,1024,2047,PASS
1050624,1024,2048,1024,2048,PASS
1050625,1025,0,1025,0,PASS
1050626,1025,1,1025,1,PASS
1050627,1025,2,1025,2,PASS
2097150,1448,446,1448,446,PASS
2097151,1448,447,1448,447,PASS
2097152,1448,448,1448,448,PASS
2097153,1448,449,1448,449,PASS
2097154,1448,450,1448,450,PASS
2633742,1622,2858,1622,2858,PASS
2985600,1727,3071,1727,3071,PASS
3591956,1895,931,1895,931,PASS
3766913,1940,3313,1940,3313,PASS
4190207,2046,4091,2046,4091,PASS
4190208,2046,4092,2046,4092,PASS
4190209,2047,0,2047,0,PASS
4190210,2047,1,2047,1,PASS
4190211,2047,2,2047,2,PASS
4194302,2047,4093,2047,4093,PASS
4194303,2047,4094,2047,4094,PASS
4194304,2048,0,2048,0,PASS
4194305,2048,1,2048,1,PASS
4194306,2048,2,2048,2,PASS
4198399,2048,4095,2048,4095,PASS
4198400,2048,4096,2048,4096,PASS
4198401,2049,0,2049,0,PASS
4198402,2049,1,2049,1,PASS
4198403,2049,2,2049,2,PASS
4870661,2206,4225,2206,4225,PASS
8387753,2896,937,2896,937,PASS
8388606,2896,1790,2896,1790,PASS
8388607,2896,1791,2896,1791,PASS
8388608,2896,1792,2896,1792,PASS
8388609,2896,1793,2896,1793,PASS
8388610,2896,1794,2896,1794,PASS
9278589,3046,473,3046,473,PASS
9363094,3059,5613,3059,5613,PASS
11016235,3319,474,3319,474,PASS
11167026,3341,4745,3341,4745,PASS
15163717,3894,481,3894,481,PASS
16769023,4094,8187,4094,8187,PASS
16769024,4094,8188,4094,8188,PASS
16769025,4095,0,4095,0,PASS
16769026,4095,1,4095,1,PASS
16769027,4095,2,4095,2,PASS
16777214,4095,8189,4095,8189,PASS
16777215,4095,8190,4095,8190,PASS
16777216,4096,0,4096,0,PASS
16777217,4096,1,4096,1,PASS
16777218,4096,2,4096,2,PASS
16785407,4096,8191,4096,8191,PASS
16785408,4096,8192,4096,8192,PASS
16785409,4097,0,4097,0,PASS
16785410,4097,1,4097,1,PASS
16785411,4097,2,4097,2,PASS
18635752,4316,7896,4316,7896,PASS
20393546,4515,8321,4515,8321,PASS
21780767,4666,9211,4666,9211,PASS
23610109,4859,228,4859,228,PASS
24512642,4951,241,4951,241,PASS
24522059,4951,9658,4951,9658,PASS
24701419,4970,519,4970,519,PASS
27568690,5250,6190,5250,6190,PASS
30945099,5562,9255,5562,9255,PASS
32534173,5703,9964,5703,9964,PASS
33501302,5788,358,5788,358,PASS
33554430,5792,7166,5792,7166,PASS
33554431,5792,7167,5792,7167,PASS
33554432,5792,7168,5792,7168,PASS
33554433,5792,7169,5792,7169,PASS
33554434,5792,7170,5792,7170,PASS
35342417,5944,11281,5944,11281,PASS
35350209,5945,7184,5945,7184,PASS
41153926,6415,1701,6415,1701,PASS
44435477,6665,13252,6665,13252,PASS
47156228,6867,539,6867,539,PASS
47720812,6908,348,6908,348,PASS
48316210,6950,13710,6950,13710,PASS
48677740,6976,13164,6976,13164,PASS
52780356,7265,131,7265,131,PASS
58782728,7666,15172,7666,15172,PASS
64916091,8057,842,8057,842,PASS
65707158,8105,16133,8105,16133,PASS
67092479,8190,16379,8190,16379,PASS
67092480,8190,16380,8190,16380,PASS
67092481,8191,0,8191,0,PASS
67092482,8191,1,8191,1,PASS
67092483,8191,2,8191,2,PASS
67108862,8191,16381,8191,16381,PASS
67108863,8191,16382,8191,16382,PASS
67108864,8192,0,8192,0,PASS
67108865,8192,1,8192,1,PASS
67108866,8192,2,8192,2,PASS
67125247,8192,16383,8192,16383,PASS
67125248,8192,16384,8192,16384,PASS
67125249,8193,0,8193,0,PASS
67125250,8193,1,8193,1,PASS
67125251,8193,2,8193,2,PASS
69039666,8309,185,8309,185,PASS
70174140,8377,11,8377,11,PASS
72283946,8501,16945,8501,16945,PASS
73710019,8585,7794,8585,7794,PASS
75671628,8698,16424,8698,16424,PASS
81704202,9039,681,9039,681,PASS
88379041,9401,240,9401,240,PASS
89839136,9478,6652,9478,6652,PASS
93161278,9652,174,9652,174,PASS
96236504,9810,404,9810,404,PASS
101420039,10070,15139,10070,15139,PASS
103387565,10167,19676,10167,19676,PASS
104571404,10226,328,10226,328,PASS
110881310,10530,410,10530,410,PASS
111429174,10556,38,10556,38,PASS
121837605,11038,161,11038,161,PASS
125866469,11219,508,11219,508,PASS
129390024,11374,22148,11374,22148,PASS
129724100,11389,14779,11389,14779,PASS
134217726,11585,5501,11585,5501,PASS
134217727,11585,5502,11585,5502,PASS
134217728,11585,5503,11585,5503,PASS
134217729,11585,5504,11585,5504,PASS
134217730,11585,5505,11585,5505,PASS
139169663,11797,454,11797,454,PASS
139262809,11800,22809,11800,22809,PASS
147099528,12128,11144,12128,11144,PASS
162414445,12744,4909,12744,4909,PASS
173659257,13177,25928,13177,25928,PASS
182115128,13495,103,13495,103,PASS
192931966,13889,27645,13889,27645,PASS
199487613,14124,237,14124,237,PASS
199733954,14132,20530,14132,20530,PASS
200410031,14156,17695,14156,17695,PASS
201156802,14182,27678,14182,27678,PASS
201640822,14200,822,14200,822,PASS
202999836,14247,22827,14247,22827,PASS
211936308,14558,944,14558,944,PASS
216324382,14707,28533,14707,28533,PASS
217916006,14761,28885,14761,28885,PASS
217975379,14763,29210,14763,29210,PASS
225929999,15030,29099,15030,29099,PASS
226472708,15049,307,15049,307,PASS
227225015,15073,29686,15073,29686,PASS
230878659,15194,21023,15194,21023,PASS
236233815,15369,27654,15369,27654,PASS
237067123,15396,30307,15396,30307,PASS
240397563,15504,23547,15504,23547,PASS
247836269,15742,25705,15742,25705,PASS
248925586,15777,11857,15777,11857,PASS
249040754,15781,793,15781,793,PASS
252645135,15894,25899,15894,25899,PASS
261372102,16167,213,16167,213,PASS
265266798,16287,429,16287,429,PASS
268402687,16382,32763,16382,32763,PASS
268402688,16382,32764,16382,32764,PASS
268402689,16383,0,16383,0,PASS
268402690,16383,1,16383,1,PASS
268402691,16383,2,16383,2,PASS
268435454,16383,32765,16383,32765,PASS
268435455,16383,32766,16383,32766,PASS
268435456,16384,0,16384,0,PASS
268435457,16384,1,16384,1,PASS
268435458,16384,2,16384,2,PASS
268468223,16384,32767,16384,32767,PASS
268468224,16384,32768,16384,32768,PASS
268468225,16385,0,16385,0,PASS
268468226,16385,1,16385,1,PASS
268468227,16385,2,16385,2,PASS
278021950,16673,33021,16673,33021,PASS
279714515,16724,22339,16724,22339,PASS
280562970,16750,470,16750,470,PASS
285207278,16888,2734,16888,2734,PASS
290191953,17035,728,17035,728,PASS
290362109,17040,509,17040,509,PASS
291760515,17080,34115,17080,34115,PASS
305419896,17476,9320,17476,9320,PASS
306751026,17514,10830,17514,10830,PASS
316199725,17782,201,17782,201,PASS
317658731,17822,35047,17822,35047,PASS
327123993,18086,20597,18086,20597,PASS
329240439,18144,35703,18144,35703,PASS
336797125,18352,1221,18352,1221,PASS
343813224,18542,7460,18542,7460,PASS
345939132,18599,16331,18599,16331,PASS
348676196,18672,32612,18672,32612,PASS
360924253,18998,249,18998,249,PASS
372795941,19307,35692,19307,35692,PASS
378854407,19464,7111,19464,7111,PASS
381968701,19544,765,19544,765,PASS
383009526,19570,24626,19570,24626,PASS
386436952,19657,39303,19657,39303,PASS
386437453,19658,489,19658,489,PASS
388925952,19721,8111,19721,8111,PASS
392077382,19800,37382,19800,37382,PASS
408224400,20204,22784,20204,22784,PASS
419267103,20476,527,20476,527,PASS
422466417,20553,40608,20553,40608,PASS
427662850,20680,450,20680,450,PASS
438721350,20945,28325,20945,28325,PASS
439364084,20961,563,20961,563,PASS
449053536,21190,37436,21190,37436,PASS
453411622,21293,19773,21293,19773,PASS
456518453,21366,12497,21366,12497,PASS
481803075,21950,575,21950,575,PASS
485561384,22035,20159,22035,20159,PASS
486124717,22048,10413,22048,10413,PASS
488477204,22101,23003,22101,23003,PASS
489294581,22120,181,22120,181,PASS
498133158,22318,40034,22318,40034,PASS
515154105,22697,296,22697,296,PASS
524592682,22903,45273,22903,45273,PASS
529000602,23000,602,23000,602,PASS
533581407,23099,17606,23099,17606,PASS
536060439,23152,45335,23152,45335,PASS
536870910,23170,22010,23170,22010,PASS
536870911,23170,22011,23170,22011,PASS
536870912,23170,22012,23170,22012,PASS
536870913,23170,22013,23170,22013,PASS
536870914,23170,22014,23170,22014,PASS
539122684,23219,723,23219,723,PASS
540595614,23250,33114,23250,33114,PASS
552449870,23504,11854,23504,11854,PASS
553052662,23517,3373,23517,3373,PASS
553566835,23528,51,23528,51,PASS
556845193,23597,26784,23597,26784,PASS
568804693,23849,29892,23849,29892,PASS
576527526,24010,47426,24010,47426,PASS
577177050,24024,24474,24024,24474,PASS
579244725,24067,24236,24067,24236,PASS
589623493,24282,7969,24282,7969,PASS
590833011,24307,2762,24307,2762,PASS
611870028,24736,332,24736,332,PASS
619820637,24896,9821,24896,9821,PASS
622306258,24946,3342,24946,3342,PASS
622752347,24955,322,24955,322,PASS
634435045,25187,50076,25187,50076,PASS
634705792,25193,18543,25193,18543,PASS
635447187,25208,3923,25208,3923,PASS
646527133,25426,45657,25426,45657,PASS
652194724,25538,5280,25538,5280,PASS
656128313,25615,88,25615,88,PASS
659462750,25680,350,25680,350,PASS
664618788,25780,10388,25780,10388,PASS
671225332,25908,868,25908,868,PASS
679176438,26061,717,26061,717,PASS
695056935,26363,49166,26363,49166,PASS
729864985,27016,729,27016,729,PASS
740806360,27217,41271,27217,41271,PASS
763263279,27627,12150,27627,12150,PASS
778185831,27895,54806,27895,54806,PASS
782177087,27967,23998,27967,23998,PASS
785904943,28033,55854,28033,55854,PASS
797600962,28241,46881,28241,46881,PASS
800007622,28284,22966,28284,22966,PASS
800561050,28294,10614,28294,10614,PASS
817331686,28589,765,28589,765,PASS
821167057,28656,721,28656,721,PASS
828871333,28790,7233,28790,7233,PASS
858993459,29308,34595,29308,34595,PASS
862826416,29373,53287,29373,53287,PASS
864384956,29400,24956,29400,24956,PASS
865654373,29422,289,29422,289,PASS
872966187,29546,71,29546,71,PASS
876160764,29600,764,29600,764,PASS
877324987,29619,39826,29619,39826,PASS
879606950,29658,9986,29658,9986,PASS
887116052,29784,29396,29784,29396,PASS
890842771,29846,59055,29846,59055,PASS
916457039,30273,2510,30273,2510,PASS
920637355,30342,391,30342,391,PASS
922355068,30370,18168,30370,18168,PASS
923098061,30382,32137,30382,32137,PASS
925928085,30429,4044,30429,4044,PASS
939116533,30645,508,30645,508,PASS
952809611,30867,37922,30867,37922,PASS
954439356,30894,120,30894,120,PASS
956877296,30933,26807,30933,26807,PASS
961440945,31007,6896,31007,6896,PASS
974126317,31210,62217,31210,62217,PASS
975063132,31226,56,31226,56,PASS
988537018,31441,537,31441,537,PASS
990621778,31474,9102,31474,9102,PASS
993446542,31518,62218,31518,62218,PASS
1002940113,31669,14552,31669,14552,PASS
1003555008,31678,59324,31678,59324,PASS
1015995654,31874,43778,31874,43778,PASS
1017800440,31902,62836,31902,62836,PASS
1022121803,31970,40903,31970,40903,PASS
1031027068,32109,39187,32109,39187,PASS
1044932290,32325,26665,32325,26665,PASS
1048983000,32388,456,32388,456,PASS
1052780003,32446,37087,32446,37087,PASS
1073676287,32766,65531,32766,65531,PASS
1073676288,32766,65532,32766,65532,PASS
1073676289,32767,0,32767,0,PASS
1073676290,32767,1,32767,1,PASS
1073676291,32767,2,32767,2,PASS
1073741822,32767,65533,32767,65533,PASS
1073741823,32767,65534,32767,65534,PASS
1073741824,32768,0,32768,0,PASS
1073741825,32768,1,32768,1,PASS
1073741826,32768,2,32768,2,PASS
1073807359,32768,65535,32768,65535,PASS
1073807360,32768,65536,32768,65536,PASS
1073807361,32769,0,32769,0,PASS
1073807362,32769,1,32769,1,PASS
1073807363,32769,2,32769,2,PASS
1110689634,33327,705,33327,705,PASS
1133996919,33674,58643,33674,58643,PASS
1134680016,33685,791,33685,791,PASS
1134949669,33689,948,33689,948,PASS
1139458549,33755,58524,33755,58524,PASS
1139804377,33760,66777,33760,66777,PASS
1140884902,33776,66726,33776,66726,PASS
1144063458,33824,482,33824,482,PASS
1164153556,34119,47395,34119,47395,PASS
1166222519,34150,19,34150,19,PASS
1166927626,34160,22026,34160,22026,PASS
1171222011,34223,8282,34223,8282,PASS
1174501713,34271,272,34271,272,PASS
1178396598,34327,53669,34327,53669,PASS
1196882418,34595,68393,34595,68393,PASS
1199457547,34633,12858,34633,12858,PASS
1205173470,34715,42245,34715,42245,PASS
1211596347,34807,69098,34807,69098,PASS
1213473672,34834,66116,34834,66116,PASS
1213937110,34841,41829,34841,41829,PASS
1221470226,34949,37625,34949,37625,PASS
1225784806,35011,14685,35011,14685,PASS
1228363259,35048,955,35048,955,PASS
1245384432,35290,332,35290,332,PASS
1246356647,35303,54838,35303,54838,PASS
1253672816,35407,17167,35407,17167,PASS
1262878377,35537,8,35537,8,PASS
1263451664,35545,4639,35545,4639,PASS
1274489349,35699,70748,35699,70748,PASS
1276969322,35734,50566,35734,50566,PASS
1281066362,35791,70681,35791,70681,PASS
1282521700,35812,22356,35812,22356,PASS
1291395903,35935,71678,35935,71678,PASS
1294557534,35979,69093,35979,69093,PASS
1302343406,36087,71837,36087,71837,PASS
1302420459,36089,4538,36089,4538,PASS
1305194442,36127,34313,36127,34313,PASS
1305682664,36134,16708,36134,16708,PASS
1309065685,36181,924,36181,924,PASS
1316601580,36285,355,36285,355,PASS
1323441787,36379,10146,36379,10146,PASS
1336999266,36565,41,36565,41,PASS
1342269361,36636,72865,36636,72865,PASS
1343882387,36659,106,36659,106,PASS
1352250311,36772,70327,36772,70327,PASS
1355573348,36818,8224,36818,8224,PASS
1357490885,36844,10549,36844,10549,PASS
1368374206,36991,40125,36991,40125,PASS
1373335893,37058,40529,37058,40529,PASS
1374111555,37069,794,37069,794,PASS
1374545950,37074,64474,37074,64474,PASS
1374820277,37078,42193,37078,42193,PASS
1386847002,37240,29402,37240,29402,PASS
1389800007,37280,1607,37280,1607,PASS
1404967308,37482,66984,37482,66984,PASS
1418836852,37667,33963,37667,33963,PASS
1430634917,37823,55588,37823,55588,PASS
1431486266,37834,74710,37834,74710,PASS
1431655765,37837,17196,37837,17196,PASS
1432482941,37848,11837,37848,11837,PASS
1439683906,37943,12657,37943,12657,PASS
1446348001,38030,67101,38030,67101,PASS
1447421425,38044,75489,38044,75489,PASS
1447711873,38048,61569,38048,61569,PASS
1453073505,38119,15344,38119,15344,PASS
1454202556,38134,600,38134,600,PASS
1471613297,38361,46976,38361,46976,PASS
1473489113,38386,4117,38386,4117,PASS
1474517289,38399,34088,38399,34088,PASS
1485513334,38542,27570,38542,27570,PASS
1488101331,38575,70706,38575,70706,PASS
1489294080,38591,28799,38591,28799,PASS
1493160304,38641,33423,38641,33423,PASS
1494131821,38654,105,38654,105,PASS
1495803866,38675,48241,38675,48241,PASS
1497999451,38703,77242,38703,77242,PASS
1510774499,38868,53075,38868,53075,PASS
1513278883,38900,68883,38900,68883,PASS
1515361901,38927,50572,38927,50572,PASS
1528599299,39097,23890,39097,23890,PASS
1532590401,39148,24497,39148,24497,PASS
1543756163,39290,52063,39290,52063,PASS
1547720003,39341,5722,39341,5722,PASS
1552306719,39399,25518,39399,25518,PASS
1552824305,39405,70280,39405,70280,PASS
1554564614,39427,76285,39427,76285,PASS
1564147118,39549,23717,39549,23717,PASS
1566412218,39577,73289,39577,73289,PASS
1566417410,39577,78481,39577,78481,PASS
1567287220,39588,77476,39588,77476,PASS
1574701007,39682,39883,39682,39883,PASS
1575534401,39693,152,39693,152,PASS
1583854291,39797,53082,39797,53082,PASS
1586667978,39833,89,39833,89,PASS
1594627855,39932,63231,39932,63231,PASS
1606769294,40084,42238,40084,42238,PASS
1621430793,40266,80037,40266,80037,PASS
1639439372,40489,80251,40489,80251,PASS
1641953536,40521,2095,40521,2095,PASS
1643517516,40540,25916,40540,25916,PASS
1662221180,40770,28280,40770,28280,PASS
1664854534,40802,51330,40802,51330,PASS
1665987375,40816,41519,40816,41519,PASS
1666925152,40827,81223,40827,81223,PASS
1669037541,40853,69932,40853,69932,PASS
1673477330,40908,12866,40908,12866,PASS
1676492074,40944,80938,40944,80938,PASS
1685112641,41050,10141,41050,10141,PASS
1707424708,41320,82308,41320,82308,PASS
1707882056,41326,43780,41326,43780,PASS
1710414368,41357,12919,41357,12919,PASS
1711972465,41375,81840,41375,81840,PASS
1737639636,41685,411,41685,411,PASS
1741465077,41730,72177,41730,72177,PASS
1746592668,41792,21404,41792,21404,PASS
1747991974,41808,83110,41808,83110,PASS
1753097809,41870,909,41870,909,PASS
1754353629,41885,404,41885,404,PASS
1755442274,41897,83665,41897,83665,PASS
1755448256,41898,5852,41898,5852,PASS
1758628905,41936,809,41936,809,PASS
1761240217,41967,11128,41967,11128,PASS
1778482402,42172,4818,42172,4818,PASS
1781570655,42208,55391,42208,55391,PASS
1789192092,42298,71288,42298,71288,PASS
1790136551,42310,451,42310,451,PASS
1791594123,42327,19194,42327,19194,PASS
1797349116,42395,13091,42395,13091,PASS
1808120513,42522,29,42522,29,PASS
1816379270,42619,109,42619,109,PASS
1817402240,42631,79,42631,79,PASS
1827390787,42747,84778,42747,84778,PASS
1830043771,42779,930,42779,930,PASS
1841207720,42909,25439,42909,25439,PASS
1859851999,43126,123,43126,123,PASS
1872724844,43274,85768,43274,85768,PASS
1874830678,43299,27277,43299,27277,PASS
1894351025,43524,12449,43524,12449,PASS
1902790834,43620,86434,43620,86434,PASS
1908997427,43692,6563,43692,6563,PASS
1910931588,43714,17792,43714,17792,PASS
1920566918,43824,23942,43824,23942,PASS
1922957402,43851,47201,43851,47201,PASS
1926332112,43890,12,43890,12,PASS
1927134326,43899,12125,43899,12125,PASS
1930541997,43937,82028,43937,82028,PASS
1933411020,43970,50120,43970,50120,PASS
1936351141,44003,87132,44003,87132,PASS
1937042570,44011,74449,44011,74449,PASS
1940755800,44054,884,44054,884,PASS
1948297087,44139,45766,44139,45766,PASS
1969052156,44374,280,44374,280,PASS
1969174148,44375,33523,44375,33523,PASS
1973485335,44423,82406,44423,82406,PASS
1974914301,44440,701,44440,701,PASS
1977848577,44473,848,44473,848,PASS
1981150346,44510,10246,44510,10246,PASS
1987805651,44584,72595,44584,72595,PASS
1995642089,44672,54505,44672,54505,PASS
1996826272,44685,77047,44685,77047,PASS
2024819330,44997,89321,44997,89321,PASS
2026620154,45017,89865,45017,89865,PASS
2042648999,45195,60974,45195,60974,PASS
2047092779,45244,73243,45244,73243,PASS
2054968016,45331,68455,45331,68455,PASS
2059797238,45384,89782,45384,89782,PASS
2063456356,45425,25731,45425,25731,PASS
2075433470,45556,84334,45556,84334,PASS
2083099958,45640,90358,45640,90358,PASS
2085692829,45669,35268,45669,35268,PASS
2091013766,45727,55237,45727,55237,PASS
2105574647,45886,49651,45886,49651,PASS
2115902460,45998,86456,45998,86456,PASS
2117142579,46012,38435,46012,38435,PASS
2118448864,46026,56188,46026,56188,PASS
2131487222,46168,2998,46168,2998,PASS
2132360933,46177,45604,46177,45604,PASS
2139331051,46252,83547,46252,83547,PASS
2147210242,46337,92673,46337,92673,PASS
2147210243,46337,92674,46337,92674,PASS
2147210244,46338,0,46338,0,PASS
2147210245,46338,1,46338,1,PASS
2147210246,46338,2,46338,2,PASS
2147302919,46338,92675,46338,92675,PASS
2147302920,46338,92676,46338,92676,PASS
2147302921,46339,0,46339,0,PASS
2147302922,46339,1,46339,1,PASS
2147302923,46339,2,46339,2,PASS
2147395598,46339,92677,46339,92677,PASS
2147395599,46339,92678,46339,92678,PASS
2147395600,46340,0,46340,0,PASS
2147395601,46340,1,46340,1,PASS
2147395602,46340,2,46340,2,PASS
2147483646,46340,88046,46340,88046,PASS
2147483647,46340,88047,46340,88047,PASS
2147483648,46340,88048,46340,88048,PASS
2147483649,46340,88049,46340,88049,PASS
2147483650,46340,88050,46340,88050,PASS
2147488279,46340,92679,46340,92679,PASS
2147488280,46340,92680,46340,92680,PASS
2147488281,46341,0,46341,0,PASS
2147488282,46341,1,46341,1,PASS
2147488283,46341,2,46341,2,PASS
2152866999,46398,92595,46398,92595,PASS
2156566286,46438,78442,46438,78442,PASS
2161582918,46492,76854,46492,76854,PASS
2193703899,46836,93003,46836,93003,PASS
2201392951,46919,390,46919,390,PASS
2209340866,47003,58857,47003,58857,PASS
2226707807,47188,463,47188,463,PASS
2262581655,47566,57299,47566,57299,PASS
2271560481,47660,84881,47660,84881,PASS
2274145462,47688,118,47688,118,PASS
2286783642,47820,31242,47820,31242,PASS
2325684684,48225,34059,48225,34059,PASS
2328496292,48254,47776,48254,47776,PASS
2329243152,48262,22508,48262,22508,PASS
2333943693,48310,87593,48310,87593,PASS
2347790312,48454,196,48454,196,PASS
2350616055,48483,14766,48483,14766,PASS
2355203771,48530,42871,48530,42871,PASS
2362916677,48609,81796,48609,81796,PASS
2367115334,48653,925,48653,925,PASS
2372898944,48712,40000,48712,40000,PASS
2373247899,48715,96674,48715,96674,PASS
2393424508,48922,62424,48922,62424,PASS
2406492875,49056,1739,49056,1739,PASS
2406727129,49058,39765,49058,39765,PASS
2409024900,49081,80339,49081,80339,PASS
2409239455,49084,399,49084,399,PASS
2410882166,49100,72166,49100,72166,PASS
2414323860,49135,75635,49135,75635,PASS
2421623472,49209,97791,49209,97791,PASS
2436568267,49361,59946,49361,59946,PASS
2442069324,49417,29435,49417,29435,PASS
2452213066,49519,81705,49519,81705,PASS
2458274765,49580,98365,49580,98365,PASS
2465903159,49657,85510,49657,85510,PASS
2466165380,49660,49780,49660,49780,PASS
2473725764,49736,56068,49736,56068,PASS
2482566156,49825,35531,49825,35531,PASS
2486318267,49862,99223,49862,99223,PASS
2488161017,49881,46856,49881,46856,PASS
2494602726,49945,99701,49945,99701,PASS
2497577298,49975,76673,49975,76673,PASS
2500218897,50002,18893,50002,18893,PASS
2510611713,50106,477,50106,477,PASS
2511667785,50116,54329,50116,54329,PASS
2520768065,50207,25216,50207,25216,PASS
2531725185,50316,25329,50316,25329,PASS
2532166766,50320,64366,50320,64366,PASS
2537102708,50369,66547,50369,66547,PASS
2540866221,50407,572,50407,572,PASS
2555302932,50550,432,50550,432,PASS
2569675370,50691,97889,50691,97889,PASS
2579671505,50790,47405,50790,47405,PASS
2581553815,50808,100951,50808,100951,PASS
2588370268,50876,2892,50876,2892,PASS
2589589065,50888,521,50888,521,PASS
2599354344,50983,88055,50983,88055,PASS
2616244373,51149,24172,51149,24172,PASS
2620621694,51192,830,51192,830,PASS
2632753965,51310,37865,51310,37865,PASS
2633566846,51318,29722,51318,29722,PASS
2649782025,51476,3449,51476,3449,PASS
2657814248,51553,102439,51553,102439,PASS
2659154650,51566,102294,51566,102294,PASS
2666405572,51637,25803,51637,25803,PASS
2668445069,51656,102733,51656,102733,PASS
2669269051,51664,100155,51664,100155,PASS
2681398208,51782,22684,51782,22684,PASS
2686145405,51828,3821,51828,3821,PASS
2698155526,51943,80277,51943,80277,PASS
2705160730,52011,16609,52011,16609,PASS
2708162197,52040,597,52040,597,PASS
2718548285,52139,72964,52139,72964,PASS
2722945629,52181,88868,52181,88868,PASS
2733271103,52280,72703,52280,72703,PASS
2736025691,52307,3442,52307,3442,PASS
2747963166,52421,1925,52421,1925,PASS
2757883298,52515,58073,52515,58073,PASS
2759189849,52527,104120,52527,104120,PASS
2760996806,52545,19781,52545,19781,PASS
2778029922,52707,2073,52707,2073,PASS
2779394237,52719,101276,52719,101276,PASS
2781930074,52744,538,52744,538,PASS
2797620921,52892,57257,52892,57257,PASS
2806138805,52973,76,52973,76,PASS
2814567297,53052,52593,53052,52593,PASS
2817380464,53079,223,53079,223,PASS
2833134409,53227,20880,53227,20880,PASS
2833215531,53227,102002,53227,102002,PASS
2833220074,53228,90,53228,90,PASS
2840910003,53300,20003,53300,20003,PASS
2863311530,53509,98449,53509,98449,PASS
2866409501,53538,92057,53538,92057,PASS
2868297056,53556,51920,53556,51920,PASS
2887020118,53730,107218,53730,107218,PASS
2890167931,53760,30331,53760,30331,PASS
2901831933,53868,70509,53868,70509,PASS
2905316822,53900,106822,53900,106822,PASS
2907475090,53921,849,53921,849,PASS
2914704237,53988,93,53988,93,PASS
2919670481,54033,105392,54033,105392,PASS
2932370699,54151,39898,54151,39898,PASS
2938030619,54203,65410,54203,65410,PASS
2943648044,54255,43019,54255,43019,PASS
2944325472,54261,69351,54261,69351,PASS
2949813029,54312,19685,54312,19685,PASS
2967751107,54477,7578,54477,7578,PASS
2973957106,54533,109017,54533,109017,PASS
2986673939,54650,51439,54650,51439,PASS
2988456336,54666,84780,54666,84780,PASS
2993655524,54714,33728,54714,33728,PASS
2999846407,54770,93507,54770,93507,PASS
3000144660,54773,63131,54773,63131,PASS
3000507890,54776,97714,54776,97714,PASS
3006062200,54827,62271,54827,62271,PASS
3008960797,54853,109188,54853,109188,PASS
3012009161,54881,85000,54881,85000,PASS
3016516422,54922,90338,54922,90338,PASS
3020007785,54954,65669,54954,65669,PASS
3024451334,54995,1309,54995,1309,PASS
3027578541,55023,48012,55023,48012,PASS
3056907904,55289,34383,55289,34383,PASS
3058460322,55303,38513,55303,38513,PASS
3062110493,55336,37597,55336,37597,PASS
3078203325,55481,61964,55481,61964,PASS
3086850705,55559,48224,55559,48224,PASS
3095821204,55640,11604,55640,11604,PASS
3104784670,55720,66270,55720,66270,PASS
3121233554,55868,130,55868,130,PASS
3157321678,56190,5578,56190,5578,PASS
3169886553,56301,83952,56301,83952,PASS
3178704476,56380,76,56380,76,PASS
3186489468,56448,112764,56448,112764,PASS
3186635807,56450,33307,56450,33307,PASS
3193277027,56509,9946,56509,9946,PASS
3195150937,56525,75312,56525,75312,PASS
3198740994,56557,46745,56557,46745,PASS
3208428724,56642,112560,56642,112560,PASS
3210087378,56657,71729,56657,71729,PASS
3216162263,56711,24742,56711,24742,PASS
3219201014,56738,370,56738,370,PASS
3231125784,56842,112820,56842,112820,PASS
3246539226,56978,46742,56978,46742,PASS
3289925736,57357,100287,57357,100287,PASS
3315870050,57583,68161,57583,68161,PASS
3323088277,57646,26961,57646,26961,PASS
3333446534,57736,838,57736,838,PASS
3334032155,57741,9074,57741,9074,PASS
3342111706,57810,115606,57810,115606,PASS
3344771181,57833,115292,57833,115292,PASS
3357686898,57945,63873,57945,63873,PASS
3367480077,58029,115236,58029,115236,PASS
3368317010,58037,23641,58037,23641,PASS
3376856570,58110,84470,58110,84470,PASS
3402971422,58334,115866,58334,115866,PASS
3407006790,58369,66629,58369,66629,PASS
3410170657,58396,77841,58396,77841,PASS
3412078590,58413,21,58413,21,PASS
3425400780,58526,108104,58526,108104,PASS
3435365909,58611,116588,58611,116588,PASS
3435973836,58617,21147,58617,21147,PASS
3444867347,58692,116483,58692,116483,PASS
3449421996,58731,91635,58731,91635,PASS
3452972775,58762,131,58762,131,PASS
3469563761,58903,352,58903,352,PASS
3472390783,58926,117307,58926,117307,PASS
3477540249,58970,79349,58970,79349,PASS
3495411022,59122,138,59122,138,PASS
3512048316,59262,63672,59262,63672,PASS
3528439769,59400,79769,59400,79769,PASS
3544763842,59537,109473,59537,109473,PASS
3545479012,59543,110163,59543,110163,PASS
3553830158,59614,1162,59614,1162,PASS
3558861722,59656,23386,59656,23386,PASS
3570808277,59756,28741,59756,28741,PASS
3588969452,59908,988,59908,988,PASS
3591636277,59930,31377,59930,31377,PASS
3594002191,59949,119590,59949,119590,PASS
3613746552,60114,53556,60114,53556,PASS
3621119493,60175,88868,60175,88868,PASS
3622541247,60187,66278,60187,66278,PASS
3622835430,60189,119709,60189,119709,PASS
3635171548,60292,46284,60292,46284,PASS
3636662792,60304,90376,60304,90376,PASS
3639849260,60331,19699,60331,19699,PASS
3655168993,60457,120144,60457,120144,PASS
3664317207,60533,73118,60533,73118,PASS
3669719349,60578,25265,60578,25265,PASS
3679029921,60655,896,60655,896,PASS
3680120205,60663,120636,60663,120636,PASS
3699653498,60824,94522,60824,94522,PASS
3704431011,60864,4515,60864,4515,PASS
3706720521,60882,102597,60882,102597,PASS
3722058702,61008,82638,61008,82638,PASS
3722408238,61011,66117,61011,66117,PASS
3730870415,61080,104015,61080,104015,PASS
3732954568,61097,111159,61097,111159,PASS
3742649152,61177,23823,61177,23823,PASS
3750286112,61239,70991,61239,70991,PASS
3772893913,61423,108984,61423,108984,PASS
3782199068,61499,72067,61499,72067,PASS
3797147701,61621,60,61621,60,PASS
3809799165,61723,70436,61723,70436,PASS
3813963056,61757,36007,61757,36007,PASS
3817827594,61788,70650,61788,70650,PASS
3824259736,61840,74136,61840,74136,PASS
3825174425,61847,123016,61847,123016,PASS
3834962020,61927,8691,61927,8691,PASS
3849334228,62043,379,62043,379,PASS
3873185500,62234,114744,62234,114744,PASS
3875608823,62254,48307,62254,48307,PASS
3877014645,62265,84420,62265,84420,PASS
3879670726,62287,357,62287,357,PASS
3887043109,62346,19393,62346,19393,PASS
3924106221,62642,86057,62642,86057,PASS
3932043128,62706,692,62706,692,PASS
3932487428,62709,68747,62709,68747,PASS
3938954897,62761,11776,62761,11776,PASS
3939069379,62762,735,62762,735,PASS
3941437040,62780,108640,62780,108640,PASS
3945972400,62816,122544,62816,122544,PASS
3947702468,62830,93568,62830,93568,PASS
3950307311,62851,59110,62851,59110,PASS
3960249806,62930,64906,62930,64906,PASS
3961534718,62940,91118,62940,91118,PASS
3977919806,63070,94906,63070,94906,PASS
3981770918,63101,34717,63101,34717,PASS
3984517652,63123,4523,63123,4523,PASS
3992344092,63184,126236,63184,126236,PASS
3993803378,63196,68962,63196,68962,PASS
3998711082,63235,45857,63235,45857,PASS
3998918772,63237,603,63237,603,PASS
4005958006,63292,80742,63292,80742,PASS
4031524499,63494,36463,63494,36463,PASS
4038171485,63546,77369,63546,77369,PASS
4042322160,63579,32919,63579,32919,PASS
4045214796,63602,392,63602,392,PASS
4062494883,63737,89714,63737,89714,PASS
4067506522,63777,793,63777,793,PASS
4071713027,63809,124546,63809,124546,PASS
4087173314,63931,553,63931,553,PASS
4092590375,63973,45646,63973,45646,PASS
4101594415,64043,88566,64043,88566,PASS
4102048458,64047,30249,64047,30249,PASS
4111567217,64121,64576,64121,64576,PASS
4117305908,64166,30352,64166,30352,PASS
4118617514,64176,58538,64176,58538,PASS
4119714371,64185,146,64185,146,PASS
4135904467,64310,128367,64310,128367,PASS
4146457723,64392,128059,64392,128059,PASS
4148444185,64408,53721,64408,53721,PASS
4153621766,64448,77062,64448,77062,PASS
4156860414,64473,92685,64473,92685,PASS
4157746633,64480,76233,64480,76233,PASS
4159289677,64492,71613,64492,71613,PASS
4164120924,64530,24,64530,24,PASS
4170329395,64578,11311,64578,11311,PASS
4179234865,64647,256,64647,256,PASS
4214634992,64920,28592,64920,28592,PASS
4214886570,64922,20486,64922,20486,PASS
4216781509,64936,97413,64936,97413,PASS
4216813372,64936,129276,64936,129276,PASS
4217206335,64940,2735,64940,2735,PASS
4221590938,64973,100209,64973,100209,PASS
4226807538,65013,117369,65013,117369,PASS
4228641672,65028,888,65028,888,PASS
4238174291,65101,34090,65101,34090,PASS
4244287588,65148,25684,65148,25684,PASS
4252082874,65207,130025,65207,130025,PASS
4255995715,65237,129546,65237,129546,PASS
4276502201,65394,126965,65394,126965,PASS
4280037345,65421,130104,65421,130104,PASS
4287479552,65478,111068,65478,111068,PASS
4290058285,65498,70281,65498,70281,PASS
4290276897,65500,26897,65500,26897,PASS
4294767420,65534,62264,65534,62264,PASS
4294774120,65534,68964,65534,68964,PASS
4294775944,65534,70788,65534,70788,PASS
4294776319,65534,71163,65534,71163,PASS
4294777672,65534,72516,65534,72516,PASS
4294781704,65534,76548,65534,76548,PASS
4294782002,65534,76846,65534,76846,PASS
4294782007,65534,76851,65534,76851,PASS
4294786954,65534,81798,65534,81798,PASS
4294789482,65534,84326,65534,84326,PASS
4294790672,65534,85516,65534,85516,PASS
4294794641,65534,89485,65534,89485,PASS
4294795014,65534,89858,65534,89858,PASS
4294796817,65534,91661,65534,91661,PASS
4294796869,65534,91713,65534,91713,PASS
4294797882,65534,92726,65534,92726,PASS
4294798556,65534,93400,65534,93400,PASS
4294799098,65534,93942,65534,93942,PASS
4294799762,65534,94606,65534,94606,PASS
4294800544,65534,95388,65534,95388,PASS
4294801158,65534,96002,65534,96002,PASS
4294802193,65534,97037,65534,97037,PASS
4294803484,65534,98328,65534,98328,PASS
4294803739,65534,98583,65534,98583,PASS
4294803801,65534,98645,65534,98645,PASS
4294803894,65534,98738,65534,98738,PASS
4294806840,65534,101684,65534,101684,PASS
4294807091,65534,101935,65534,101935,PASS
4294809166,65534,104010,65534,104010,PASS
4294809850,65534,104694,65534,104694,PASS
4294810231,65534,105075,65534,105075,PASS
4294810319,65534,105163,65534,105163,PASS
4294812014,65534,106858,65534,106858,PASS
4294812883,65534,107727,65534,107727,PASS
4294813448,65534,108292,65534,108292,PASS
4294814455,65534,109299,65534,109299,PASS
4294815521,65534,110365,65534,110365,PASS
4294816082,65534,110926,65534,110926,PASS
4294816258,65534,111102,65534,111102,PASS
4294817371,65534,112215,65534,112215,PASS
4294817713,65534,112557,65534,112557,PASS
4294819700,65534,114544,65534,114544,PASS
4294820147,65534,114991,65534,114991,PASS
4294823104,65534,117948,65534,117948,PASS
4294828775,65534,123619,65534,123619,PASS
4294829346,65534,124190,65534,124190,PASS
4294831359,65534,126203,65534,126203,PASS
4294832818,65534,127662,65534,127662,PASS
4294833118,65534,127962,65534,127962,PASS
4294836223,65534,131067,65534,131067,PASS
4294836224,65534,131068,65534,131068,PASS
4294836225,65535,0,65535,0,PASS
4294836226,65535,1,65535,1,PASS
4294836227,65535,2,65535,2,PASS
4294838125,65535,1900,65535,1900,PASS
4294838655,65535,2430,65535,2430,PASS
4294838687,65535,2462,65535,2462,PASS
4294838853,65535,2628,65535,2628,PASS
4294839848,65535,3623,65535,3623,PASS
4294839949,65535,3724,65535,3724,PASS
4294841558,65535,5333,65535,5333,PASS
4294844748,65535,8523,65535,8523,PASS
4294845055,65535,8830,65535,8830,PASS
4294846457,65535,10232,65535,10232,PASS
4294846804,65535,10579,65535,10579,PASS
4294848366,65535,12141,65535,12141,PASS
4294849231,65535,13006,65535,13006,PASS
4294849725,65535,13500,65535,13500,PASS
4294854620,65535,18395,65535,18395,PASS
4294858532,65535,22307,65535,22307,PASS
4294858549,65535,22324,65535,22324,PASS
4294859018,65535,22793,65535,22793,PASS
4294860680,65535,24455,65535,24455,PASS
4294862731,65535,26506,65535,26506,PASS
4294864349,65535,28124,65535,28124,PASS
4294866241,65535,30016,65535,30016,PASS
4294869737,65535,33512,65535,33512,PASS
4294871372,65535,35147,65535,35147,PASS
4294872104,65535,35879,65535,35879,PASS
4294872216,65535,35991,65535,35991,PASS
4294873069,65535,36844,65535,36844,PASS
4294875293,65535,39068,65535,39068,PASS
4294875558,65535,39333,65535,39333,PASS
4294877593,65535,41368,65535,41368,PASS
4294877909,65535,41684,65535,41684,PASS
4294879915,65535,43690,65535,43690,PASS
4294882006,65535,45781,65535,45781,PASS
4294886076,65535,49851,65535,49851,PASS
4294887557,65535,51332,65535,51332,PASS
4294887761,65535,51536,65535,51536,PASS
4294889455,65535,53230,65535,53230,PASS
4294893677,65535,57452,65535,57452,PASS
4294895778,65535,59553,65535,59553,PASS
4294896068,65535,59843,65535,59843,PASS
4294896182,65535,59957,65535,59957,PASS
4294897388,65535,61163,65535,61163,PASS
4294897956,65535,61731,65535,61731,PASS
4294898559,65535,62334,65535,62334,PASS
4294899091,65535,62866,65535,62866,PASS
4294899487,65535,63262,65535,63262,PASS
4294900464,65535,64239,65535,64239,PASS
4294900648,65535,64423,65535,64423,PASS
4294900668,65535,64443,65535,64443,PASS
4294902456,65535,66231,65535,66231,PASS
4294904553,65535,68328,65535,68328,PASS
4294906453,65535,70228,65535,70228,PASS
4294906852,65535,70627,65535,70627,PASS
4294908787,65535,72562,65535,72562,PASS
4294911331,65535,75106,65535,75106,PASS
4294913403,65535,77178,65535,77178,PASS
4294913441,65535,77216,65535,77216,PASS
4294914527,65535,78302,65535,78302,PASS
4294915667,65535,79442,65535,79442,PASS
4294916007,65535,79782,65535,79782,PASS
4294917000,65535,80775,65535,80775,PASS
4294917415,65535,81190,65535,81190,PASS
4294918232,65535,82007,65535,82007,PASS
4294918499,65535,82274,65535,82274,PASS
4294919182,65535,82957,65535,82957,PASS
4294920702,65535,84477,65535,84477,PASS
4294922021,65535,85796,65535,85796,PASS
4294922165,65535,85940,65535,85940,PASS
4294922347,65535,86122,65535,86122,PASS
4294925820,65535,89595,65535,89595,PASS
4294926721,65535,90496,65535,90496,PASS
4294928096,65535,91871,65535,91871,PASS
4294930086,65535,93861,65535,93861,PASS
4294931508,65535,95283,65535,95283,PASS
4294932224,65535,95999,65535,95999,PASS
4294932763,65535,96538,65535,96538,PASS
4294933700,65535,97475,65535,97475,PASS
4294935428,65535,99203,65535,99203,PASS
4294935796,65535,99571,65535,99571,PASS
4294936238,65535,100013,65535,100013,PASS
4294936310,65535,100085,65535,100085,PASS
4294937171,65535,100946,65535,100946,PASS
4294937760,65535,101535,65535,101535,PASS
4294941627,65535,105402,65535,105402,PASS
4294942287,65535,106062,65535,106062,PASS
4294943235,65535,107010,65535,107010,PASS
4294944835,65535,108610,65535,108610,PASS
4294946411,65535,110186,65535,110186,PASS
4294948556,65535,112331,65535,112331,PASS
4294949894,65535,113669,65535,113669,PASS
4294951594,65535,115369,65535,115369,PASS
4294952774,65535,116549,65535,116549,PASS
4294953180,65535,116955,65535,116955,PASS
4294956988,65535,120763,65535,120763,PASS
4294959519,65535,123294,65535,123294,PASS
4294960262,65535,124037,65535,124037,PASS
4294961000,65535,124775,65535,124775,PASS
4294965328,65535,129103,65535,129103,PASS
4294965333,65535,129108,65535,129108,PASS
4294966392,65535,130167,65535,130167,PASS
4294966706,65535,130481,65535,130481,PASS
4294967292,65535,131067,65535,131067,PASS
4294967293,65535,131068,65535,131068,PASS
4294967294,65535,131069,65535,131069,PASS
4294967295,65535,131070,65535,131070,PASS
